278.30751953125
366.2021875
364.424140625
362.9521875
363.88171875
361.4537890625
354.8672265625
349.809609375
347.159140625
343.2225
353.5159765625
361.207578125
353.839453125
356.9111328125
356.296171875
360.7578125
361.4374609375
359.802265625
350.8203125
352.201953125
355.1896875
352.0340625
344.145859375
333.5510546875
337.59421875
336.33890625
336.5531640625
335.9567578125
324.60080078125
316.73826171875
318.80857421875
351.013046875
349.99578125
358.3233203125
342.51828125
352.2471875
298.22083984375
333.2973046875
335.843359375
337.859296875
331.481875
302.780390625
288.84791015625
274.8170703125
289.0593359375
283.3988671875
286.6738671875
316.3569140625
260.37984375
229.8678515625
288.5948828125
297.1967578125
292.273515625
301.0100390625
305.57853515625
306.2882421875
313.49740234375
311.28849609375
322.93875
334.78203125
339.8105859375
348.9747265625
346.403671875
342.53265625
349.1931640625
357.54609375
355.6262890625
337.0862109375
333.21703125
330.4940625
323.997578125
313.15232421875
314.4187890625
283.98830078125
288.0362109375
289.39177734375
294.216796875
291.07986328125
288.62642578125
290.85296875
292.93478515625
285.123515625
285.4417578125
287.55810546875
288.4207421875
287.05900390625
288.428515625
281.06267578125
290.06830078125
293.40857421875
274.44716796875
280.7547265625
281.2283984375
275.63890625
293.26154296875
280.91841796875
287.7225
286.7775
288.5790625
286.76505859375
288.29939453125
283.77369140625
288.5866796875
287.50841796875
281.3003515625
289.6032421875
295.114921875
298.29693359375
290.634375
249.77400390625
271.50376953125
287.4496875
300.245625
300.5348046875
306.26052734375
303.9200390625
270.9362109375
268.798359375
266.6123046875
285.8608203125
274.2182421875
290.60455078125
287.846484375
285.12470703125
288.50509765625
287.235390625
285.0473046875
291.7521484375
289.54958984375
284.803515625
291.742578125
285.965625
293.515703125
288.6155859375
288.4123828125
288.4241015625
289.77328125
293.4055859375
288.8043359375
293.5626171875
289.86576171875
290.3558203125
292.880625
290.7926171875
290.71794921875
293.320078125
290.457421875
289.8783203125
286.480078125
290.928359375
289.7809375
295.6844921875
289.66251953125
294.89640625
289.2543359375
289.85138671875
290.4847265625
288.944453125
295.26361328125
290.77775390625
291.04724609375
294.5502734375
295.51341796875
290.7623046875
290.83029296875
290.0229296875
289.348046875
290.28208984375
287.37203125
288.274375
295.477421875
290.39609375
214.53806640625
304.1576953125
287.04142578125
288.43369140625
290.3860546875
285.127109375
287.65115234375
287.1043359375
288.719609375
297.364296875
296.8763671875
293.16728515625
290.83412109375
294.7505078125
292.74205078125
289.7189453125
293.417421875
290.51828125
288.825859375
293.252734375
292.1380078125
290.386953125
291.230390625
292.7388671875
292.6800390625
293.225625
291.44994140625
290.34330078125
292.803359375
292.17828125
293.698671875
290.9756640625
291.82720703125
291.1777734375
296.25392578125
293.644453125
290.6221484375
291.15943359375
287.8541015625
295.5435546875
289.6449609375
291.4832421875
294.6669140625
296.527890625
285.61583984375
294.29107421875
292.4212890625
289.4933203125
292.15662109375
291.5890625
293.09693359375
292.6568359375
291.87109375
293.4614453125
292.33240234375
289.99369140625
290.536875
290.41451171875
293.3872265625
293.72970703125
293.5408984375
290.67072265625
233.91328125
218.29046875
300.8072265625
298.85765625
284.20966796875
287.9351171875
285.9723828125
282.4216796875
290.70455078125
292.468046875
291.89712890625
287.14966796875
292.761171875
290.12861328125
296.59076171875
286.03375
296.79572265625
292.3841796875
296.47130859375
294.3819921875
291.8500390625
290.4697265625
296.01861328125
291.51302734375
290.529453125
295.243515625
285.53142578125
287.24126953125
279.95505859375
292.46912109375
292.05005859375
292.24859375
291.0626171875
287.18484375
293.4655859375
294.1177734375
293.31400390625
292.24287109375
289.5565625
286.52462890625
294.28982421875
292.19615234375
286.664765625
290.0172265625
291.425546875
286.42330078125
293.24978515625
285.10421875
293.72625
292.61494140625
294.7538671875
295.3169140625
285.063125
293.95248046875
287.201015625
293.9196875
290.66076171875
287.79814453125
293.0000390625
289.17845703125
283.8465234375
286.778046875
281.4671484375
249.3258203125
294.63966796875
287.1659375
289.24140625
288.35306640625
291.038359375
290.70728515625
293.44375
287.2428515625
285.5342578125
285.24234375
284.963046875
295.9070703125
291.4505078125
286.34345703125
288.45658203125
291.63333984375
294.305703125
291.6399609375
289.79279296875
295.8618359375
293.523203125
282.63265625
284.82177734375
294.6553515625
286.1571875
291.53216796875
288.3395703125
290.60279296875
293.0688671875
287.074609375
293.20919921875
291.4523046875
288.9946875
284.5968359375
291.8246484375
285.8565625
289.7703125
287.7587890625
285.551640625
291.93818359375
292.595234375
291.262890625
291.0151953125
286.91046875
293.2236328125
289.56041015625
287.6456640625
286.090390625
289.77455078125
286.78583984375
277.89056640625
288.4726953125
290.739609375
283.9104296875
290.09919921875
238.77732421875
234.1700390625
246.77375
230.93953125
231.28658203125
241.95892578125
223.3915625
225.18748046875
226.0432421875
228.8356640625
216.0496875
223.7075390625
221.1910546875
217.6137890625
219.2676171875
226.17984375
226.70810546875
228.9307421875
223.64568359375
221.57287109375
226.72453125
227.71392578125
222.23671875
215.871484375
214.990078125
225.29396484375
226.67751953125
221.1762109375
220.3262890625
221.8657421875
218.37283203125
219.94763671875
216.7196875
216.5472265625
217.0786328125
222.32912109375
226.3416796875
220.652890625
224.1046484375
218.75517578125
216.92171875
215.4891796875
216.3596875
225.1486328125
222.34462890625
221.84390625
217.9864453125
211.1362109375
201.62494140625
214.54234375
208.6246484375
220.1116796875
218.59091796875
209.8978125
212.673671875
204.865859375
205.952890625
216.433359375
213.88419921875
214.4700390625
211.32484375
201.54904296875
208.463125
235.15734375
233.33623046875
235.0959375
235.85140625
230.735078125
237.64203125
236.70345703125
231.696953125
241.3980078125
236.65533203125
237.083828125
242.64107421875
236.993125
236.2177734375
237.264296875
237.2352734375
230.1727734375
236.5140234375
216.521796875
228.409453125
237.5555078125
237.951796875
235.19931640625
242.263359375
236.29150390625
227.64240234375
230.8994140625
236.626875
237.88015625
241.6383984375
231.9301171875
244.3689453125
242.0803125
236.9985546875
233.9437109375
235.02
235.5234375
238.744921875
238.0721484375
244.92640625
243.8645703125
229.61734375
235.93646484375
234.9953125
246.3991015625
240.46150390625
233.69306640625
245.3288671875
231.9498046875
231.39625
