312.9586328125
314.4608984375
313.069765625
313.84845703125
316.40341796875
311.1059375
314.805625
311.856328125
310.150234375
307.386015625
313.17212890625
313.7633984375
311.7395703125
312.14630859375
312.840859375
318.6141796875
316.71439453125
314.73421875
317.51986328125
317.4716015625
322.27166015625
322.5896484375
320.233515625
320.0063671875
318.62802734375
318.364765625
317.05197265625
319.4328125
315.7600390625
316.69287109375
319.250546875
317.8403515625
320.3819921875
318.53171875
316.16166015625
315.2034375
312.85740234375
316.7781640625
311.28330078125
312.668515625
313.82896484375
312.7469921875
312.6856640625
315.34859375
314.488515625
315.5255078125
317.0311328125
316.80265625
318.04701171875
321.208203125
318.2762890625
321.008203125
321.35515625
321.49767578125
317.08087890625
316.78328125
316.2640234375
321.4376953125
313.943203125
321.15390625
316.412421875
316.2796875
321.11185546875
320.1377734375
320.93583984375
318.4828125
314.154609375
320.86896484375
316.5640625
318.10931640625
316.82732421875
322.19078125
319.4629296875
322.7274609375
320.254375
321.96353515625
317.1940625
315.21046875
323.0519140625
317.49169921875
321.18029296875
322.792578125
316.22234375
319.67458984375
316.788359375
321.09134765625
319.3166796875
315.964765625
317.1237890625
321.56578125
314.813046875
318.65970703125
319.1473046875
319.03416015625
319.5186328125
319.74671875
320.6640625
320.83271484375
319.45689453125
319.656796875
